(kicad_pcb (version 20171130) (host pcbnew "(5.0.0)")

  (general
    (thickness 1.6)
    (drawings 0)
    (tracks 35)
    (zones 0)
    (modules 47)
    (nets 46)
  )

  (page A4)
  (layers
    (0 F.Cu signal)
    (31 B.Cu signal hide)
    (32 B.Adhes user hide)
    (33 F.Adhes user hide)
    (34 B.Paste user hide)
    (35 F.Paste user)
    (36 B.SilkS user hide)
    (37 F.SilkS user)
    (38 B.Mask user hide)
    (39 F.Mask user)
    (40 Dwgs.User user hide)
    (41 Cmts.User user hide)
    (42 Eco1.User user hide)
    (43 Eco2.User user hide)
    (44 Edge.Cuts user)
    (45 Margin user hide)
    (46 B.CrtYd user hide)
    (47 F.CrtYd user)
    (48 B.Fab user hide)
    (49 F.Fab user)
  )

  (setup
    (last_trace_width 0.25)
    (trace_clearance 0.2)
    (zone_clearance 0.508)
    (zone_45_only no)
    (trace_min 0.2)
    (segment_width 0.2)
    (edge_width 0.15)
    (via_size 0.8)
    (via_drill 0.4)
    (via_min_size 0.4)
    (via_min_drill 0.3)
    (uvia_size 0.3)
    (uvia_drill 0.1)
    (uvias_allowed no)
    (uvia_min_size 0.2)
    (uvia_min_drill 0.1)
    (pcb_text_width 0.3)
    (pcb_text_size 1.5 1.5)
    (mod_edge_width 0.15)
    (mod_text_size 1 1)
    (mod_text_width 0.15)
    (pad_size 1.524 1.524)
    (pad_drill 0.762)
    (pad_to_mask_clearance 0.2)
    (aux_axis_origin 0 0)
    (visible_elements 7FFFFFFF)
    (pcbplotparams
      (layerselection 0x010fc_ffffffff)
      (usegerberextensions false)
      (usegerberattributes false)
      (usegerberadvancedattributes false)
      (creategerberjobfile false)
      (excludeedgelayer true)
      (linewidth 0.100000)
      (plotframeref false)
      (viasonmask false)
      (mode 1)
      (useauxorigin false)
      (hpglpennumber 1)
      (hpglpenspeed 20)
      (hpglpendiameter 15.000000)
      (psnegative false)
      (psa4output false)
      (plotreference true)
      (plotvalue true)
      (plotinvisibletext false)
      (padsonsilk false)
      (subtractmaskfromsilk false)
      (outputformat 1)
      (mirror false)
      (drillshape 1)
      (scaleselection 1)
      (outputdirectory ""))
  )

  (net 0 "")
  (net 1 AUD_PWR)
  (net 2 "Net-(U1-Pad1)")
  (net 3 ADC_PIN)
  (net 4 "Net-(U1-Pad3)")
  (net 5 GND)
  (net 6 "Net-(U1-Pad17)")
  (net 7 "Net-(U1-Pad18)")
  (net 8 "Net-(U1-Pad19)")
  (net 9 "Net-(U1-Pad21)")
  (net 10 "Net-(U1-Pad22)")
  (net 11 "Net-(C3-Pad1)")
  (net 12 "Net-(C3-Pad2)")
  (net 13 "Net-(R2-Pad1)")
  (net 14 "Net-(R6-Pad1)")
  (net 15 +3V3)
  (net 16 RX)
  (net 17 "Net-(D1-Pad2)")
  (net 18 "Net-(D2-Pad2)")
  (net 19 "Net-(D3-Pad2)")
  (net 20 "Net-(D4-Pad2)")
  (net 21 "Net-(D5-Pad2)")
  (net 22 "Net-(D6-Pad2)")
  (net 23 "Net-(D7-Pad2)")
  (net 24 "Net-(D8-Pad2)")
  (net 25 TX)
  (net 26 "Net-(C1-Pad1)")
  (net 27 "Net-(D1-Pad4)")
  (net 28 GPIO0)
  (net 29 GPIO15)
  (net 30 GPIO10)
  (net 31 "Net-(C14-Pad1)")
  (net 32 SDA)
  (net 33 SCL)
  (net 34 "Net-(U3-Pad11)")
  (net 35 "Net-(U3-Pad9)")
  (net 36 "Net-(BT1-Pad1)")
  (net 37 "Net-(J1-Pad1)")
  (net 38 "Net-(J1-Pad2)")
  (net 39 "Net-(J1-Pad3)")
  (net 40 "Net-(J1-Pad4)")
  (net 41 "Net-(SW1-Pad1)")
  (net 42 GPIO2)
  (net 43 GPIO13)
  (net 44 GPIO12)
  (net 45 GPIO16)

  (net_class Default "This is the default net class."
    (clearance 0.2)
    (trace_width 0.25)
    (via_dia 0.8)
    (via_drill 0.4)
    (uvia_dia 0.3)
    (uvia_drill 0.1)
    (add_net +3V3)
    (add_net ADC_PIN)
    (add_net AUD_PWR)
    (add_net GND)
    (add_net GPIO0)
    (add_net GPIO10)
    (add_net GPIO12)
    (add_net GPIO13)
    (add_net GPIO15)
    (add_net GPIO16)
    (add_net GPIO2)
    (add_net "Net-(BT1-Pad1)")
    (add_net "Net-(C1-Pad1)")
    (add_net "Net-(C14-Pad1)")
    (add_net "Net-(C3-Pad1)")
    (add_net "Net-(C3-Pad2)")
    (add_net "Net-(D1-Pad2)")
    (add_net "Net-(D1-Pad4)")
    (add_net "Net-(D2-Pad2)")
    (add_net "Net-(D3-Pad2)")
    (add_net "Net-(D4-Pad2)")
    (add_net "Net-(D5-Pad2)")
    (add_net "Net-(D6-Pad2)")
    (add_net "Net-(D7-Pad2)")
    (add_net "Net-(D8-Pad2)")
    (add_net "Net-(J1-Pad1)")
    (add_net "Net-(J1-Pad2)")
    (add_net "Net-(J1-Pad3)")
    (add_net "Net-(J1-Pad4)")
    (add_net "Net-(R2-Pad1)")
    (add_net "Net-(R6-Pad1)")
    (add_net "Net-(SW1-Pad1)")
    (add_net "Net-(U1-Pad1)")
    (add_net "Net-(U1-Pad17)")
    (add_net "Net-(U1-Pad18)")
    (add_net "Net-(U1-Pad19)")
    (add_net "Net-(U1-Pad21)")
    (add_net "Net-(U1-Pad22)")
    (add_net "Net-(U1-Pad3)")
    (add_net "Net-(U3-Pad11)")
    (add_net "Net-(U3-Pad9)")
    (add_net RX)
    (add_net SCL)
    (add_net SDA)
    (add_net TX)
  )

  (module Resistor_SMD:R_0603_1608Metric (layer F.Cu) (tedit 5B301BBD) (tstamp 5C466993)
    (at 167.64 123.19)
    (descr "Resistor SMD 0603 (1608 Metric), square (rectangular) end terminal, IPC_7351 nominal, (Body size source: http://www.tortai-tech.com/upload/download/2011102023233369053.pdf), generated with kicad-footprint-generator")
    (tags resistor)
    (path /5C3A222A)
    (attr smd)
    (fp_text reference R1 (at 0 -1.43) (layer F.SilkS)
      (effects (font (size 1 1) (thickness 0.15)))
    )
    (fp_text value 1K (at 0 1.43) (layer F.Fab)
      (effects (font (size 1 1) (thickness 0.15)))
    )
    (fp_line (start -0.8 0.4) (end -0.8 -0.4) (layer F.Fab) (width 0.1))
    (fp_line (start -0.8 -0.4) (end 0.8 -0.4) (layer F.Fab) (width 0.1))
    (fp_line (start 0.8 -0.4) (end 0.8 0.4) (layer F.Fab) (width 0.1))
    (fp_line (start 0.8 0.4) (end -0.8 0.4) (layer F.Fab) (width 0.1))
    (fp_line (start -0.162779 -0.51) (end 0.162779 -0.51) (layer F.SilkS) (width 0.12))
    (fp_line (start -0.162779 0.51) (end 0.162779 0.51) (layer F.SilkS) (width 0.12))
    (fp_line (start -1.48 0.73) (end -1.48 -0.73) (layer F.CrtYd) (width 0.05))
    (fp_line (start -1.48 -0.73) (end 1.48 -0.73) (layer F.CrtYd) (width 0.05))
    (fp_line (start 1.48 -0.73) (end 1.48 0.73) (layer F.CrtYd) (width 0.05))
    (fp_line (start 1.48 0.73) (end -1.48 0.73) (layer F.CrtYd) (width 0.05))
    (fp_text user %R (at 0 0) (layer F.Fab)
      (effects (font (size 0.4 0.4) (thickness 0.06)))
    )
    (pad 1 smd roundrect (at -0.7875 0) (size 0.875 0.95) (layers F.Cu F.Paste F.Mask) (roundrect_rratio 0.25)
      (net 1 AUD_PWR))
    (pad 2 smd roundrect (at 0.7875 0) (size 0.875 0.95) (layers F.Cu F.Paste F.Mask) (roundrect_rratio 0.25)
      (net 26 "Net-(C1-Pad1)"))
    (model ${KISYS3DMOD}/Resistor_SMD.3dshapes/R_0603_1608Metric.wrl
      (at (xyz 0 0 0))
      (scale (xyz 1 1 1))
      (rotate (xyz 0 0 0))
    )
  )

  (module ESP8266:ESP-12E_SMD (layer F.Cu) (tedit 58FB7FFE) (tstamp 5C4669C1)
    (at 138.165001 117.995001)
    (descr "Module, ESP-8266, ESP-12, 16 pad, SMD")
    (tags "Module ESP-8266 ESP8266")
    (path /5C3A0058)
    (fp_text reference U1 (at 8.89 6.35 90) (layer F.SilkS)
      (effects (font (size 1 1) (thickness 0.15)))
    )
    (fp_text value ESP-12F (at 5.08 6.35 90) (layer F.Fab) hide
      (effects (font (size 1 1) (thickness 0.15)))
    )
    (fp_line (start -2.25 -0.5) (end -2.25 -8.75) (layer F.CrtYd) (width 0.05))
    (fp_line (start -2.25 -8.75) (end 15.25 -8.75) (layer F.CrtYd) (width 0.05))
    (fp_line (start 15.25 -8.75) (end 16.25 -8.75) (layer F.CrtYd) (width 0.05))
    (fp_line (start 16.25 -8.75) (end 16.25 16) (layer F.CrtYd) (width 0.05))
    (fp_line (start 16.25 16) (end -2.25 16) (layer F.CrtYd) (width 0.05))
    (fp_line (start -2.25 16) (end -2.25 -0.5) (layer F.CrtYd) (width 0.05))
    (fp_line (start -1.016 -8.382) (end 14.986 -8.382) (layer F.CrtYd) (width 0.1524))
    (fp_line (start 14.986 -8.382) (end 14.986 -0.889) (layer F.CrtYd) (width 0.1524))
    (fp_line (start -1.016 -8.382) (end -1.016 -1.016) (layer F.CrtYd) (width 0.1524))
    (fp_line (start -1.016 14.859) (end -1.016 15.621) (layer F.SilkS) (width 0.1524))
    (fp_line (start -1.016 15.621) (end 14.986 15.621) (layer F.SilkS) (width 0.1524))
    (fp_line (start 14.986 15.621) (end 14.986 14.859) (layer F.SilkS) (width 0.1524))
    (fp_line (start 14.992 -8.4) (end -1.008 -2.6) (layer F.CrtYd) (width 0.1524))
    (fp_line (start -1.008 -8.4) (end 14.992 -2.6) (layer F.CrtYd) (width 0.1524))
    (fp_text user "No Copper" (at 6.892 -5.4) (layer F.CrtYd)
      (effects (font (size 1 1) (thickness 0.15)))
    )
    (fp_line (start -1.008 -2.6) (end 14.992 -2.6) (layer F.CrtYd) (width 0.1524))
    (fp_line (start 15 -8.4) (end 15 15.6) (layer F.Fab) (width 0.05))
    (fp_line (start 14.992 15.6) (end -1.008 15.6) (layer F.Fab) (width 0.05))
    (fp_line (start -1.008 15.6) (end -1.008 -8.4) (layer F.Fab) (width 0.05))
    (fp_line (start -1.008 -8.4) (end 14.992 -8.4) (layer F.Fab) (width 0.05))
    (pad 1 smd rect (at 0 0) (size 2.5 1.1) (drill (offset -0.7 0)) (layers F.Cu F.Paste F.Mask)
      (net 2 "Net-(U1-Pad1)"))
    (pad 2 smd rect (at 0 2) (size 2.5 1.1) (drill (offset -0.7 0)) (layers F.Cu F.Paste F.Mask)
      (net 3 ADC_PIN))
    (pad 3 smd rect (at 0 4) (size 2.5 1.1) (drill (offset -0.7 0)) (layers F.Cu F.Paste F.Mask)
      (net 4 "Net-(U1-Pad3)"))
    (pad 4 smd rect (at 0 6) (size 2.5 1.1) (drill (offset -0.7 0)) (layers F.Cu F.Paste F.Mask)
      (net 45 GPIO16))
    (pad 5 smd rect (at 0 8) (size 2.5 1.1) (drill (offset -0.7 0)) (layers F.Cu F.Paste F.Mask)
      (net 1 AUD_PWR))
    (pad 6 smd rect (at 0 10) (size 2.5 1.1) (drill (offset -0.7 0)) (layers F.Cu F.Paste F.Mask)
      (net 44 GPIO12))
    (pad 7 smd rect (at 0 12) (size 2.5 1.1) (drill (offset -0.7 0)) (layers F.Cu F.Paste F.Mask)
      (net 43 GPIO13))
    (pad 8 smd rect (at 0 14) (size 2.5 1.1) (drill (offset -0.7 0)) (layers F.Cu F.Paste F.Mask)
      (net 15 +3V3))
    (pad 9 smd rect (at 14 14) (size 2.5 1.1) (drill (offset 0.7 0)) (layers F.Cu F.Paste F.Mask)
      (net 5 GND))
    (pad 10 smd rect (at 14 12) (size 2.5 1.1) (drill (offset 0.7 0)) (layers F.Cu F.Paste F.Mask)
      (net 29 GPIO15))
    (pad 11 smd rect (at 14 10) (size 2.5 1.1) (drill (offset 0.7 0)) (layers F.Cu F.Paste F.Mask)
      (net 42 GPIO2))
    (pad 12 smd rect (at 14 8) (size 2.5 1.1) (drill (offset 0.7 0)) (layers F.Cu F.Paste F.Mask)
      (net 28 GPIO0))
    (pad 13 smd rect (at 14 6) (size 2.5 1.1) (drill (offset 0.7 0)) (layers F.Cu F.Paste F.Mask)
      (net 32 SDA))
    (pad 14 smd rect (at 14 4) (size 2.5 1.1) (drill (offset 0.7 0)) (layers F.Cu F.Paste F.Mask)
      (net 33 SCL))
    (pad 15 smd rect (at 14 2) (size 2.5 1.1) (drill (offset 0.7 0)) (layers F.Cu F.Paste F.Mask)
      (net 16 RX))
    (pad 16 smd rect (at 14 0) (size 2.5 1.1) (drill (offset 0.7 0)) (layers F.Cu F.Paste F.Mask)
      (net 25 TX))
    (pad 17 smd rect (at 1.99 15 90) (size 2.5 1.1) (drill (offset -0.7 0)) (layers F.Cu F.Paste F.Mask)
      (net 6 "Net-(U1-Pad17)"))
    (pad 18 smd rect (at 3.99 15 90) (size 2.5 1.1) (drill (offset -0.7 0)) (layers F.Cu F.Paste F.Mask)
      (net 7 "Net-(U1-Pad18)"))
    (pad 19 smd rect (at 5.99 15 90) (size 2.5 1.1) (drill (offset -0.7 0)) (layers F.Cu F.Paste F.Mask)
      (net 8 "Net-(U1-Pad19)"))
    (pad 20 smd rect (at 7.99 15 90) (size 2.5 1.1) (drill (offset -0.7 0)) (layers F.Cu F.Paste F.Mask)
      (net 30 GPIO10))
    (pad 21 smd rect (at 9.99 15 90) (size 2.5 1.1) (drill (offset -0.7 0)) (layers F.Cu F.Paste F.Mask)
      (net 9 "Net-(U1-Pad21)"))
    (pad 22 smd rect (at 11.99 15 90) (size 2.5 1.1) (drill (offset -0.7 0)) (layers F.Cu F.Paste F.Mask)
      (net 10 "Net-(U1-Pad22)"))
    (model ${ESPLIB}/ESP8266.3dshapes/ESP-12.wrl
      (at (xyz 0 0 0))
      (scale (xyz 0.3937 0.3937 0.3937))
      (rotate (xyz 0 0 0))
    )
  )

  (module Package_TO_SOT_SMD:SOT-23-5 (layer F.Cu) (tedit 5A02FF57) (tstamp 5C466B59)
    (at 194.31 148.59 90)
    (descr "5-pin SOT23 package")
    (tags SOT-23-5)
    (path /5C3A211F)
    (attr smd)
    (fp_text reference U2 (at 0 -2.9 90) (layer F.SilkS)
      (effects (font (size 1 1) (thickness 0.15)))
    )
    (fp_text value MCP6001-OT (at 0 2.9 90) (layer F.Fab)
      (effects (font (size 1 1) (thickness 0.15)))
    )
    (fp_text user %R (at 0 0 180) (layer F.Fab)
      (effects (font (size 0.5 0.5) (thickness 0.075)))
    )
    (fp_line (start -0.9 1.61) (end 0.9 1.61) (layer F.SilkS) (width 0.12))
    (fp_line (start 0.9 -1.61) (end -1.55 -1.61) (layer F.SilkS) (width 0.12))
    (fp_line (start -1.9 -1.8) (end 1.9 -1.8) (layer F.CrtYd) (width 0.05))
    (fp_line (start 1.9 -1.8) (end 1.9 1.8) (layer F.CrtYd) (width 0.05))
    (fp_line (start 1.9 1.8) (end -1.9 1.8) (layer F.CrtYd) (width 0.05))
    (fp_line (start -1.9 1.8) (end -1.9 -1.8) (layer F.CrtYd) (width 0.05))
    (fp_line (start -0.9 -0.9) (end -0.25 -1.55) (layer F.Fab) (width 0.1))
    (fp_line (start 0.9 -1.55) (end -0.25 -1.55) (layer F.Fab) (width 0.1))
    (fp_line (start -0.9 -0.9) (end -0.9 1.55) (layer F.Fab) (width 0.1))
    (fp_line (start 0.9 1.55) (end -0.9 1.55) (layer F.Fab) (width 0.1))
    (fp_line (start 0.9 -1.55) (end 0.9 1.55) (layer F.Fab) (width 0.1))
    (pad 1 smd rect (at -1.1 -0.95 90) (size 1.06 0.65) (layers F.Cu F.Paste F.Mask)
      (net 3 ADC_PIN))
    (pad 2 smd rect (at -1.1 0 90) (size 1.06 0.65) (layers F.Cu F.Paste F.Mask)
      (net 5 GND))
    (pad 3 smd rect (at -1.1 0.95 90) (size 1.06 0.65) (layers F.Cu F.Paste F.Mask)
      (net 13 "Net-(R2-Pad1)"))
    (pad 4 smd rect (at 1.1 0.95 90) (size 1.06 0.65) (layers F.Cu F.Paste F.Mask)
      (net 14 "Net-(R6-Pad1)"))
    (pad 5 smd rect (at 1.1 -0.95 90) (size 1.06 0.65) (layers F.Cu F.Paste F.Mask)
      (net 26 "Net-(C1-Pad1)"))
    (model ${KISYS3DMOD}/Package_TO_SOT_SMD.3dshapes/SOT-23-5.wrl
      (at (xyz 0 0 0))
      (scale (xyz 1 1 1))
      (rotate (xyz 0 0 0))
    )
  )

  (module Capacitor_SMD:C_0603_1608Metric (layer F.Cu) (tedit 5B301BBE) (tstamp 5C52A2EE)
    (at 171.9325 130.81)
    (descr "Capacitor SMD 0603 (1608 Metric), square (rectangular) end terminal, IPC_7351 nominal, (Body size source: http://www.tortai-tech.com/upload/download/2011102023233369053.pdf), generated with kicad-footprint-generator")
    (tags capacitor)
    (path /5C3A398E)
    (attr smd)
    (fp_text reference C1 (at 0 -1.43) (layer F.SilkS)
      (effects (font (size 1 1) (thickness 0.15)))
    )
    (fp_text value 22u (at 0 1.43) (layer F.Fab)
      (effects (font (size 1 1) (thickness 0.15)))
    )
    (fp_text user %R (at 0 0) (layer F.Fab)
      (effects (font (size 0.4 0.4) (thickness 0.06)))
    )
    (fp_line (start 1.48 0.73) (end -1.48 0.73) (layer F.CrtYd) (width 0.05))
    (fp_line (start 1.48 -0.73) (end 1.48 0.73) (layer F.CrtYd) (width 0.05))
    (fp_line (start -1.48 -0.73) (end 1.48 -0.73) (layer F.CrtYd) (width 0.05))
    (fp_line (start -1.48 0.73) (end -1.48 -0.73) (layer F.CrtYd) (width 0.05))
    (fp_line (start -0.162779 0.51) (end 0.162779 0.51) (layer F.SilkS) (width 0.12))
    (fp_line (start -0.162779 -0.51) (end 0.162779 -0.51) (layer F.SilkS) (width 0.12))
    (fp_line (start 0.8 0.4) (end -0.8 0.4) (layer F.Fab) (width 0.1))
    (fp_line (start 0.8 -0.4) (end 0.8 0.4) (layer F.Fab) (width 0.1))
    (fp_line (start -0.8 -0.4) (end 0.8 -0.4) (layer F.Fab) (width 0.1))
    (fp_line (start -0.8 0.4) (end -0.8 -0.4) (layer F.Fab) (width 0.1))
    (pad 2 smd roundrect (at 0.7875 0) (size 0.875 0.95) (layers F.Cu F.Paste F.Mask) (roundrect_rratio 0.25)
      (net 5 GND))
    (pad 1 smd roundrect (at -0.7875 0) (size 0.875 0.95) (layers F.Cu F.Paste F.Mask) (roundrect_rratio 0.25)
      (net 26 "Net-(C1-Pad1)"))
    (model ${KISYS3DMOD}/Capacitor_SMD.3dshapes/C_0603_1608Metric.wrl
      (at (xyz 0 0 0))
      (scale (xyz 1 1 1))
      (rotate (xyz 0 0 0))
    )
  )

  (module Capacitor_SMD:C_0603_1608Metric (layer F.Cu) (tedit 5B301BBE) (tstamp 5C52A2FF)
    (at 175.345001 133.35)
    (descr "Capacitor SMD 0603 (1608 Metric), square (rectangular) end terminal, IPC_7351 nominal, (Body size source: http://www.tortai-tech.com/upload/download/2011102023233369053.pdf), generated with kicad-footprint-generator")
    (tags capacitor)
    (path /5C3A35DB)
    (attr smd)
    (fp_text reference C2 (at 0 -1.43) (layer F.SilkS)
      (effects (font (size 1 1) (thickness 0.15)))
    )
    (fp_text value 0.22u (at 0 1.43) (layer F.Fab)
      (effects (font (size 1 1) (thickness 0.15)))
    )
    (fp_line (start -0.8 0.4) (end -0.8 -0.4) (layer F.Fab) (width 0.1))
    (fp_line (start -0.8 -0.4) (end 0.8 -0.4) (layer F.Fab) (width 0.1))
    (fp_line (start 0.8 -0.4) (end 0.8 0.4) (layer F.Fab) (width 0.1))
    (fp_line (start 0.8 0.4) (end -0.8 0.4) (layer F.Fab) (width 0.1))
    (fp_line (start -0.162779 -0.51) (end 0.162779 -0.51) (layer F.SilkS) (width 0.12))
    (fp_line (start -0.162779 0.51) (end 0.162779 0.51) (layer F.SilkS) (width 0.12))
    (fp_line (start -1.48 0.73) (end -1.48 -0.73) (layer F.CrtYd) (width 0.05))
    (fp_line (start -1.48 -0.73) (end 1.48 -0.73) (layer F.CrtYd) (width 0.05))
    (fp_line (start 1.48 -0.73) (end 1.48 0.73) (layer F.CrtYd) (width 0.05))
    (fp_line (start 1.48 0.73) (end -1.48 0.73) (layer F.CrtYd) (width 0.05))
    (fp_text user %R (at 0 0) (layer F.Fab)
      (effects (font (size 0.4 0.4) (thickness 0.06)))
    )
    (pad 1 smd roundrect (at -0.7875 0) (size 0.875 0.95) (layers F.Cu F.Paste F.Mask) (roundrect_rratio 0.25)
      (net 26 "Net-(C1-Pad1)"))
    (pad 2 smd roundrect (at 0.7875 0) (size 0.875 0.95) (layers F.Cu F.Paste F.Mask) (roundrect_rratio 0.25)
      (net 5 GND))
    (model ${KISYS3DMOD}/Capacitor_SMD.3dshapes/C_0603_1608Metric.wrl
      (at (xyz 0 0 0))
      (scale (xyz 1 1 1))
      (rotate (xyz 0 0 0))
    )
  )

  (module Capacitor_SMD:C_0603_1608Metric (layer F.Cu) (tedit 5B301BBE) (tstamp 5C78EF7F)
    (at 194.31 140.4875 270)
    (descr "Capacitor SMD 0603 (1608 Metric), square (rectangular) end terminal, IPC_7351 nominal, (Body size source: http://www.tortai-tech.com/upload/download/2011102023233369053.pdf), generated with kicad-footprint-generator")
    (tags capacitor)
    (path /5C3A466B)
    (attr smd)
    (fp_text reference C3 (at 0 -1.43 270) (layer F.SilkS)
      (effects (font (size 1 1) (thickness 0.15)))
    )
    (fp_text value 0.22u (at 0 1.43 270) (layer F.Fab)
      (effects (font (size 1 1) (thickness 0.15)))
    )
    (fp_line (start -0.8 0.4) (end -0.8 -0.4) (layer F.Fab) (width 0.1))
    (fp_line (start -0.8 -0.4) (end 0.8 -0.4) (layer F.Fab) (width 0.1))
    (fp_line (start 0.8 -0.4) (end 0.8 0.4) (layer F.Fab) (width 0.1))
    (fp_line (start 0.8 0.4) (end -0.8 0.4) (layer F.Fab) (width 0.1))
    (fp_line (start -0.162779 -0.51) (end 0.162779 -0.51) (layer F.SilkS) (width 0.12))
    (fp_line (start -0.162779 0.51) (end 0.162779 0.51) (layer F.SilkS) (width 0.12))
    (fp_line (start -1.48 0.73) (end -1.48 -0.73) (layer F.CrtYd) (width 0.05))
    (fp_line (start -1.48 -0.73) (end 1.48 -0.73) (layer F.CrtYd) (width 0.05))
    (fp_line (start 1.48 -0.73) (end 1.48 0.73) (layer F.CrtYd) (width 0.05))
    (fp_line (start 1.48 0.73) (end -1.48 0.73) (layer F.CrtYd) (width 0.05))
    (fp_text user %R (at 0 0 270) (layer F.Fab)
      (effects (font (size 0.4 0.4) (thickness 0.06)))
    )
    (pad 1 smd roundrect (at -0.7875 0 270) (size 0.875 0.95) (layers F.Cu F.Paste F.Mask) (roundrect_rratio 0.25)
      (net 11 "Net-(C3-Pad1)"))
    (pad 2 smd roundrect (at 0.7875 0 270) (size 0.875 0.95) (layers F.Cu F.Paste F.Mask) (roundrect_rratio 0.25)
      (net 12 "Net-(C3-Pad2)"))
    (model ${KISYS3DMOD}/Capacitor_SMD.3dshapes/C_0603_1608Metric.wrl
      (at (xyz 0 0 0))
      (scale (xyz 1 1 1))
      (rotate (xyz 0 0 0))
    )
  )

  (module Capacitor_THT:CP_Radial_D8.0mm_P3.80mm (layer F.Cu) (tedit 5AE50EF0) (tstamp 5C78E510)
    (at 181.61 162.56)
    (descr "CP, Radial series, Radial, pin pitch=3.80mm, , diameter=8mm, Electrolytic Capacitor")
    (tags "CP Radial series Radial pin pitch 3.80mm  diameter 8mm Electrolytic Capacitor")
    (path /5C3A4BBD)
    (fp_text reference MK1 (at 1.9 -5.25) (layer F.SilkS)
      (effects (font (size 1 1) (thickness 0.15)))
    )
    (fp_text value Microphone (at 1.9 5.25) (layer F.Fab)
      (effects (font (size 1 1) (thickness 0.15)))
    )
    (fp_circle (center 1.9 0) (end 5.9 0) (layer F.Fab) (width 0.1))
    (fp_circle (center 1.9 0) (end 6.02 0) (layer F.SilkS) (width 0.12))
    (fp_circle (center 1.9 0) (end 6.15 0) (layer F.CrtYd) (width 0.05))
    (fp_line (start -1.526759 -1.7475) (end -0.726759 -1.7475) (layer F.Fab) (width 0.1))
    (fp_line (start -1.126759 -2.1475) (end -1.126759 -1.3475) (layer F.Fab) (width 0.1))
    (fp_line (start 1.9 -4.08) (end 1.9 4.08) (layer F.SilkS) (width 0.12))
    (fp_line (start 1.94 -4.08) (end 1.94 4.08) (layer F.SilkS) (width 0.12))
    (fp_line (start 1.98 -4.08) (end 1.98 4.08) (layer F.SilkS) (width 0.12))
    (fp_line (start 2.02 -4.079) (end 2.02 4.079) (layer F.SilkS) (width 0.12))
    (fp_line (start 2.06 -4.077) (end 2.06 4.077) (layer F.SilkS) (width 0.12))
    (fp_line (start 2.1 -4.076) (end 2.1 4.076) (layer F.SilkS) (width 0.12))
    (fp_line (start 2.14 -4.074) (end 2.14 4.074) (layer F.SilkS) (width 0.12))
    (fp_line (start 2.18 -4.071) (end 2.18 4.071) (layer F.SilkS) (width 0.12))
    (fp_line (start 2.22 -4.068) (end 2.22 4.068) (layer F.SilkS) (width 0.12))
    (fp_line (start 2.26 -4.065) (end 2.26 4.065) (layer F.SilkS) (width 0.12))
    (fp_line (start 2.3 -4.061) (end 2.3 4.061) (layer F.SilkS) (width 0.12))
    (fp_line (start 2.34 -4.057) (end 2.34 4.057) (layer F.SilkS) (width 0.12))
    (fp_line (start 2.38 -4.052) (end 2.38 4.052) (layer F.SilkS) (width 0.12))
    (fp_line (start 2.42 -4.048) (end 2.42 4.048) (layer F.SilkS) (width 0.12))
    (fp_line (start 2.46 -4.042) (end 2.46 4.042) (layer F.SilkS) (width 0.12))
    (fp_line (start 2.5 -4.037) (end 2.5 4.037) (layer F.SilkS) (width 0.12))
    (fp_line (start 2.54 -4.03) (end 2.54 4.03) (layer F.SilkS) (width 0.12))
    (fp_line (start 2.58 -4.024) (end 2.58 4.024) (layer F.SilkS) (width 0.12))
    (fp_line (start 2.621 -4.017) (end 2.621 4.017) (layer F.SilkS) (width 0.12))
    (fp_line (start 2.661 -4.01) (end 2.661 4.01) (layer F.SilkS) (width 0.12))
    (fp_line (start 2.701 -4.002) (end 2.701 4.002) (layer F.SilkS) (width 0.12))
    (fp_line (start 2.741 -3.994) (end 2.741 3.994) (layer F.SilkS) (width 0.12))
    (fp_line (start 2.781 -3.985) (end 2.781 -1.04) (layer F.SilkS) (width 0.12))
    (fp_line (start 2.781 1.04) (end 2.781 3.985) (layer F.SilkS) (width 0.12))
    (fp_line (start 2.821 -3.976) (end 2.821 -1.04) (layer F.SilkS) (width 0.12))
    (fp_line (start 2.821 1.04) (end 2.821 3.976) (layer F.SilkS) (width 0.12))
    (fp_line (start 2.861 -3.967) (end 2.861 -1.04) (layer F.SilkS) (width 0.12))
    (fp_line (start 2.861 1.04) (end 2.861 3.967) (layer F.SilkS) (width 0.12))
    (fp_line (start 2.901 -3.957) (end 2.901 -1.04) (layer F.SilkS) (width 0.12))
    (fp_line (start 2.901 1.04) (end 2.901 3.957) (layer F.SilkS) (width 0.12))
    (fp_line (start 2.941 -3.947) (end 2.941 -1.04) (layer F.SilkS) (width 0.12))
    (fp_line (start 2.941 1.04) (end 2.941 3.947) (layer F.SilkS) (width 0.12))
    (fp_line (start 2.981 -3.936) (end 2.981 -1.04) (layer F.SilkS) (width 0.12))
    (fp_line (start 2.981 1.04) (end 2.981 3.936) (layer F.SilkS) (width 0.12))
    (fp_line (start 3.021 -3.925) (end 3.021 -1.04) (layer F.SilkS) (width 0.12))
    (fp_line (start 3.021 1.04) (end 3.021 3.925) (layer F.SilkS) (width 0.12))
    (fp_line (start 3.061 -3.914) (end 3.061 -1.04) (layer F.SilkS) (width 0.12))
    (fp_line (start 3.061 1.04) (end 3.061 3.914) (layer F.SilkS) (width 0.12))
    (fp_line (start 3.101 -3.902) (end 3.101 -1.04) (layer F.SilkS) (width 0.12))
    (fp_line (start 3.101 1.04) (end 3.101 3.902) (layer F.SilkS) (width 0.12))
    (fp_line (start 3.141 -3.889) (end 3.141 -1.04) (layer F.SilkS) (width 0.12))
    (fp_line (start 3.141 1.04) (end 3.141 3.889) (layer F.SilkS) (width 0.12))
    (fp_line (start 3.181 -3.877) (end 3.181 -1.04) (layer F.SilkS) (width 0.12))
    (fp_line (start 3.181 1.04) (end 3.181 3.877) (layer F.SilkS) (width 0.12))
    (fp_line (start 3.221 -3.863) (end 3.221 -1.04) (layer F.SilkS) (width 0.12))
    (fp_line (start 3.221 1.04) (end 3.221 3.863) (layer F.SilkS) (width 0.12))
    (fp_line (start 3.261 -3.85) (end 3.261 -1.04) (layer F.SilkS) (width 0.12))
    (fp_line (start 3.261 1.04) (end 3.261 3.85) (layer F.SilkS) (width 0.12))
    (fp_line (start 3.301 -3.835) (end 3.301 -1.04) (layer F.SilkS) (width 0.12))
    (fp_line (start 3.301 1.04) (end 3.301 3.835) (layer F.SilkS) (width 0.12))
    (fp_line (start 3.341 -3.821) (end 3.341 -1.04) (layer F.SilkS) (width 0.12))
    (fp_line (start 3.341 1.04) (end 3.341 3.821) (layer F.SilkS) (width 0.12))
    (fp_line (start 3.381 -3.805) (end 3.381 -1.04) (layer F.SilkS) (width 0.12))
    (fp_line (start 3.381 1.04) (end 3.381 3.805) (layer F.SilkS) (width 0.12))
    (fp_line (start 3.421 -3.79) (end 3.421 -1.04) (layer F.SilkS) (width 0.12))
    (fp_line (start 3.421 1.04) (end 3.421 3.79) (layer F.SilkS) (width 0.12))
    (fp_line (start 3.461 -3.774) (end 3.461 -1.04) (layer F.SilkS) (width 0.12))
    (fp_line (start 3.461 1.04) (end 3.461 3.774) (layer F.SilkS) (width 0.12))
    (fp_line (start 3.501 -3.757) (end 3.501 -1.04) (layer F.SilkS) (width 0.12))
    (fp_line (start 3.501 1.04) (end 3.501 3.757) (layer F.SilkS) (width 0.12))
    (fp_line (start 3.541 -3.74) (end 3.541 -1.04) (layer F.SilkS) (width 0.12))
    (fp_line (start 3.541 1.04) (end 3.541 3.74) (layer F.SilkS) (width 0.12))
    (fp_line (start 3.581 -3.722) (end 3.581 -1.04) (layer F.SilkS) (width 0.12))
    (fp_line (start 3.581 1.04) (end 3.581 3.722) (layer F.SilkS) (width 0.12))
    (fp_line (start 3.621 -3.704) (end 3.621 -1.04) (layer F.SilkS) (width 0.12))
    (fp_line (start 3.621 1.04) (end 3.621 3.704) (layer F.SilkS) (width 0.12))
    (fp_line (start 3.661 -3.686) (end 3.661 -1.04) (layer F.SilkS) (width 0.12))
    (fp_line (start 3.661 1.04) (end 3.661 3.686) (layer F.SilkS) (width 0.12))
    (fp_line (start 3.701 -3.666) (end 3.701 -1.04) (layer F.SilkS) (width 0.12))
    (fp_line (start 3.701 1.04) (end 3.701 3.666) (layer F.SilkS) (width 0.12))
    (fp_line (start 3.741 -3.647) (end 3.741 -1.04) (layer F.SilkS) (width 0.12))
    (fp_line (start 3.741 1.04) (end 3.741 3.647) (layer F.SilkS) (width 0.12))
    (fp_line (start 3.781 -3.627) (end 3.781 -1.04) (layer F.SilkS) (width 0.12))
    (fp_line (start 3.781 1.04) (end 3.781 3.627) (layer F.SilkS) (width 0.12))
    (fp_line (start 3.821 -3.606) (end 3.821 -1.04) (layer F.SilkS) (width 0.12))
    (fp_line (start 3.821 1.04) (end 3.821 3.606) (layer F.SilkS) (width 0.12))
    (fp_line (start 3.861 -3.584) (end 3.861 -1.04) (layer F.SilkS) (width 0.12))
    (fp_line (start 3.861 1.04) (end 3.861 3.584) (layer F.SilkS) (width 0.12))
    (fp_line (start 3.901 -3.562) (end 3.901 -1.04) (layer F.SilkS) (width 0.12))
    (fp_line (start 3.901 1.04) (end 3.901 3.562) (layer F.SilkS) (width 0.12))
    (fp_line (start 3.941 -3.54) (end 3.941 -1.04) (layer F.SilkS) (width 0.12))
    (fp_line (start 3.941 1.04) (end 3.941 3.54) (layer F.SilkS) (width 0.12))
    (fp_line (start 3.981 -3.517) (end 3.981 -1.04) (layer F.SilkS) (width 0.12))
    (fp_line (start 3.981 1.04) (end 3.981 3.517) (layer F.SilkS) (width 0.12))
    (fp_line (start 4.021 -3.493) (end 4.021 -1.04) (layer F.SilkS) (width 0.12))
    (fp_line (start 4.021 1.04) (end 4.021 3.493) (layer F.SilkS) (width 0.12))
    (fp_line (start 4.061 -3.469) (end 4.061 -1.04) (layer F.SilkS) (width 0.12))
    (fp_line (start 4.061 1.04) (end 4.061 3.469) (layer F.SilkS) (width 0.12))
    (fp_line (start 4.101 -3.444) (end 4.101 -1.04) (layer F.SilkS) (width 0.12))
    (fp_line (start 4.101 1.04) (end 4.101 3.444) (layer F.SilkS) (width 0.12))
    (fp_line (start 4.141 -3.418) (end 4.141 -1.04) (layer F.SilkS) (width 0.12))
    (fp_line (start 4.141 1.04) (end 4.141 3.418) (layer F.SilkS) (width 0.12))
    (fp_line (start 4.181 -3.392) (end 4.181 -1.04) (layer F.SilkS) (width 0.12))
    (fp_line (start 4.181 1.04) (end 4.181 3.392) (layer F.SilkS) (width 0.12))
    (fp_line (start 4.221 -3.365) (end 4.221 -1.04) (layer F.SilkS) (width 0.12))
    (fp_line (start 4.221 1.04) (end 4.221 3.365) (layer F.SilkS) (width 0.12))
    (fp_line (start 4.261 -3.338) (end 4.261 -1.04) (layer F.SilkS) (width 0.12))
    (fp_line (start 4.261 1.04) (end 4.261 3.338) (layer F.SilkS) (width 0.12))
    (fp_line (start 4.301 -3.309) (end 4.301 -1.04) (layer F.SilkS) (width 0.12))
    (fp_line (start 4.301 1.04) (end 4.301 3.309) (layer F.SilkS) (width 0.12))
    (fp_line (start 4.341 -3.28) (end 4.341 -1.04) (layer F.SilkS) (width 0.12))
    (fp_line (start 4.341 1.04) (end 4.341 3.28) (layer F.SilkS) (width 0.12))
    (fp_line (start 4.381 -3.25) (end 4.381 -1.04) (layer F.SilkS) (width 0.12))
    (fp_line (start 4.381 1.04) (end 4.381 3.25) (layer F.SilkS) (width 0.12))
    (fp_line (start 4.421 -3.22) (end 4.421 -1.04) (layer F.SilkS) (width 0.12))
    (fp_line (start 4.421 1.04) (end 4.421 3.22) (layer F.SilkS) (width 0.12))
    (fp_line (start 4.461 -3.189) (end 4.461 -1.04) (layer F.SilkS) (width 0.12))
    (fp_line (start 4.461 1.04) (end 4.461 3.189) (layer F.SilkS) (width 0.12))
    (fp_line (start 4.501 -3.156) (end 4.501 -1.04) (layer F.SilkS) (width 0.12))
    (fp_line (start 4.501 1.04) (end 4.501 3.156) (layer F.SilkS) (width 0.12))
    (fp_line (start 4.541 -3.124) (end 4.541 -1.04) (layer F.SilkS) (width 0.12))
    (fp_line (start 4.541 1.04) (end 4.541 3.124) (layer F.SilkS) (width 0.12))
    (fp_line (start 4.581 -3.09) (end 4.581 -1.04) (layer F.SilkS) (width 0.12))
    (fp_line (start 4.581 1.04) (end 4.581 3.09) (layer F.SilkS) (width 0.12))
    (fp_line (start 4.621 -3.055) (end 4.621 -1.04) (layer F.SilkS) (width 0.12))
    (fp_line (start 4.621 1.04) (end 4.621 3.055) (layer F.SilkS) (width 0.12))
    (fp_line (start 4.661 -3.019) (end 4.661 -1.04) (layer F.SilkS) (width 0.12))
    (fp_line (start 4.661 1.04) (end 4.661 3.019) (layer F.SilkS) (width 0.12))
    (fp_line (start 4.701 -2.983) (end 4.701 -1.04) (layer F.SilkS) (width 0.12))
    (fp_line (start 4.701 1.04) (end 4.701 2.983) (layer F.SilkS) (width 0.12))
    (fp_line (start 4.741 -2.945) (end 4.741 -1.04) (layer F.SilkS) (width 0.12))
    (fp_line (start 4.741 1.04) (end 4.741 2.945) (layer F.SilkS) (width 0.12))
    (fp_line (start 4.781 -2.907) (end 4.781 -1.04) (layer F.SilkS) (width 0.12))
    (fp_line (start 4.781 1.04) (end 4.781 2.907) (layer F.SilkS) (width 0.12))
    (fp_line (start 4.821 -2.867) (end 4.821 -1.04) (layer F.SilkS) (width 0.12))
    (fp_line (start 4.821 1.04) (end 4.821 2.867) (layer F.SilkS) (width 0.12))
    (fp_line (start 4.861 -2.826) (end 4.861 2.826) (layer F.SilkS) (width 0.12))
    (fp_line (start 4.901 -2.784) (end 4.901 2.784) (layer F.SilkS) (width 0.12))
    (fp_line (start 4.941 -2.741) (end 4.941 2.741) (layer F.SilkS) (width 0.12))
    (fp_line (start 4.981 -2.697) (end 4.981 2.697) (layer F.SilkS) (width 0.12))
    (fp_line (start 5.021 -2.651) (end 5.021 2.651) (layer F.SilkS) (width 0.12))
    (fp_line (start 5.061 -2.604) (end 5.061 2.604) (layer F.SilkS) (width 0.12))
    (fp_line (start 5.101 -2.556) (end 5.101 2.556) (layer F.SilkS) (width 0.12))
    (fp_line (start 5.141 -2.505) (end 5.141 2.505) (layer F.SilkS) (width 0.12))
    (fp_line (start 5.181 -2.454) (end 5.181 2.454) (layer F.SilkS) (width 0.12))
    (fp_line (start 5.221 -2.4) (end 5.221 2.4) (layer F.SilkS) (width 0.12))
    (fp_line (start 5.261 -2.345) (end 5.261 2.345) (layer F.SilkS) (width 0.12))
    (fp_line (start 5.301 -2.287) (end 5.301 2.287) (layer F.SilkS) (width 0.12))
    (fp_line (start 5.341 -2.228) (end 5.341 2.228) (layer F.SilkS) (width 0.12))
    (fp_line (start 5.381 -2.166) (end 5.381 2.166) (layer F.SilkS) (width 0.12))
    (fp_line (start 5.421 -2.102) (end 5.421 2.102) (layer F.SilkS) (width 0.12))
    (fp_line (start 5.461 -2.034) (end 5.461 2.034) (layer F.SilkS) (width 0.12))
    (fp_line (start 5.501 -1.964) (end 5.501 1.964) (layer F.SilkS) (width 0.12))
    (fp_line (start 5.541 -1.89) (end 5.541 1.89) (layer F.SilkS) (width 0.12))
    (fp_line (start 5.581 -1.813) (end 5.581 1.813) (layer F.SilkS) (width 0.12))
    (fp_line (start 5.621 -1.731) (end 5.621 1.731) (layer F.SilkS) (width 0.12))
    (fp_line (start 5.661 -1.645) (end 5.661 1.645) (layer F.SilkS) (width 0.12))
    (fp_line (start 5.701 -1.552) (end 5.701 1.552) (layer F.SilkS) (width 0.12))
    (fp_line (start 5.741 -1.453) (end 5.741 1.453) (layer F.SilkS) (width 0.12))
    (fp_line (start 5.781 -1.346) (end 5.781 1.346) (layer F.SilkS) (width 0.12))
    (fp_line (start 5.821 -1.229) (end 5.821 1.229) (layer F.SilkS) (width 0.12))
    (fp_line (start 5.861 -1.098) (end 5.861 1.098) (layer F.SilkS) (width 0.12))
    (fp_line (start 5.901 -0.948) (end 5.901 0.948) (layer F.SilkS) (width 0.12))
    (fp_line (start 5.941 -0.768) (end 5.941 0.768) (layer F.SilkS) (width 0.12))
    (fp_line (start 5.981 -0.533) (end 5.981 0.533) (layer F.SilkS) (width 0.12))
    (fp_line (start -2.509698 -2.315) (end -1.709698 -2.315) (layer F.SilkS) (width 0.12))
    (fp_line (start -2.109698 -2.715) (end -2.109698 -1.915) (layer F.SilkS) (width 0.12))
    (fp_text user %R (at 1.9 0) (layer F.Fab)
      (effects (font (size 1 1) (thickness 0.15)))
    )
    (pad 1 thru_hole rect (at 0 0) (size 1.6 1.6) (drill 0.8) (layers *.Cu *.Mask)
      (net 5 GND))
    (pad 2 thru_hole circle (at 3.8 0) (size 1.6 1.6) (drill 0.8) (layers *.Cu *.Mask)
      (net 12 "Net-(C3-Pad2)"))
    (model ${KISYS3DMOD}/Capacitor_THT.3dshapes/CP_Radial_D8.0mm_P3.80mm.wrl
      (at (xyz 0 0 0))
      (scale (xyz 1 1 1))
      (rotate (xyz 0 0 0))
    )
  )

  (module Resistor_SMD:R_0603_1608Metric (layer F.Cu) (tedit 5B301BBD) (tstamp 5C52A3CA)
    (at 189.54305 137.210749 270)
    (descr "Resistor SMD 0603 (1608 Metric), square (rectangular) end terminal, IPC_7351 nominal, (Body size source: http://www.tortai-tech.com/upload/download/2011102023233369053.pdf), generated with kicad-footprint-generator")
    (tags resistor)
    (path /5C3A2ABB)
    (attr smd)
    (fp_text reference R2 (at 0 -1.43 270) (layer F.SilkS)
      (effects (font (size 1 1) (thickness 0.15)))
    )
    (fp_text value 47K (at 0 1.43 270) (layer F.Fab)
      (effects (font (size 1 1) (thickness 0.15)))
    )
    (fp_text user %R (at 0 0 270) (layer F.Fab)
      (effects (font (size 0.4 0.4) (thickness 0.06)))
    )
    (fp_line (start 1.48 0.73) (end -1.48 0.73) (layer F.CrtYd) (width 0.05))
    (fp_line (start 1.48 -0.73) (end 1.48 0.73) (layer F.CrtYd) (width 0.05))
    (fp_line (start -1.48 -0.73) (end 1.48 -0.73) (layer F.CrtYd) (width 0.05))
    (fp_line (start -1.48 0.73) (end -1.48 -0.73) (layer F.CrtYd) (width 0.05))
    (fp_line (start -0.162779 0.51) (end 0.162779 0.51) (layer F.SilkS) (width 0.12))
    (fp_line (start -0.162779 -0.51) (end 0.162779 -0.51) (layer F.SilkS) (width 0.12))
    (fp_line (start 0.8 0.4) (end -0.8 0.4) (layer F.Fab) (width 0.1))
    (fp_line (start 0.8 -0.4) (end 0.8 0.4) (layer F.Fab) (width 0.1))
    (fp_line (start -0.8 -0.4) (end 0.8 -0.4) (layer F.Fab) (width 0.1))
    (fp_line (start -0.8 0.4) (end -0.8 -0.4) (layer F.Fab) (width 0.1))
    (pad 2 smd roundrect (at 0.7875 0 270) (size 0.875 0.95) (layers F.Cu F.Paste F.Mask) (roundrect_rratio 0.25)
      (net 26 "Net-(C1-Pad1)"))
    (pad 1 smd roundrect (at -0.7875 0 270) (size 0.875 0.95) (layers F.Cu F.Paste F.Mask) (roundrect_rratio 0.25)
      (net 13 "Net-(R2-Pad1)"))
    (model ${KISYS3DMOD}/Resistor_SMD.3dshapes/R_0603_1608Metric.wrl
      (at (xyz 0 0 0))
      (scale (xyz 1 1 1))
      (rotate (xyz 0 0 0))
    )
  )

  (module Resistor_SMD:R_0603_1608Metric (layer F.Cu) (tedit 5B301BBD) (tstamp 5C52A3DB)
    (at 189.54305 133.400749 270)
    (descr "Resistor SMD 0603 (1608 Metric), square (rectangular) end terminal, IPC_7351 nominal, (Body size source: http://www.tortai-tech.com/upload/download/2011102023233369053.pdf), generated with kicad-footprint-generator")
    (tags resistor)
    (path /5C3A2B0A)
    (attr smd)
    (fp_text reference R3 (at 0 -1.43 270) (layer F.SilkS)
      (effects (font (size 1 1) (thickness 0.15)))
    )
    (fp_text value 10K (at 0 1.43 270) (layer F.Fab)
      (effects (font (size 1 1) (thickness 0.15)))
    )
    (fp_line (start -0.8 0.4) (end -0.8 -0.4) (layer F.Fab) (width 0.1))
    (fp_line (start -0.8 -0.4) (end 0.8 -0.4) (layer F.Fab) (width 0.1))
    (fp_line (start 0.8 -0.4) (end 0.8 0.4) (layer F.Fab) (width 0.1))
    (fp_line (start 0.8 0.4) (end -0.8 0.4) (layer F.Fab) (width 0.1))
    (fp_line (start -0.162779 -0.51) (end 0.162779 -0.51) (layer F.SilkS) (width 0.12))
    (fp_line (start -0.162779 0.51) (end 0.162779 0.51) (layer F.SilkS) (width 0.12))
    (fp_line (start -1.48 0.73) (end -1.48 -0.73) (layer F.CrtYd) (width 0.05))
    (fp_line (start -1.48 -0.73) (end 1.48 -0.73) (layer F.CrtYd) (width 0.05))
    (fp_line (start 1.48 -0.73) (end 1.48 0.73) (layer F.CrtYd) (width 0.05))
    (fp_line (start 1.48 0.73) (end -1.48 0.73) (layer F.CrtYd) (width 0.05))
    (fp_text user %R (at 0 0 270) (layer F.Fab)
      (effects (font (size 0.4 0.4) (thickness 0.06)))
    )
    (pad 1 smd roundrect (at -0.7875 0 270) (size 0.875 0.95) (layers F.Cu F.Paste F.Mask) (roundrect_rratio 0.25)
      (net 5 GND))
    (pad 2 smd roundrect (at 0.7875 0 270) (size 0.875 0.95) (layers F.Cu F.Paste F.Mask) (roundrect_rratio 0.25)
      (net 13 "Net-(R2-Pad1)"))
    (model ${KISYS3DMOD}/Resistor_SMD.3dshapes/R_0603_1608Metric.wrl
      (at (xyz 0 0 0))
      (scale (xyz 1 1 1))
      (rotate (xyz 0 0 0))
    )
  )

  (module Resistor_SMD:R_0603_1608Metric (layer F.Cu) (tedit 5B301BBD) (tstamp 5C52A3EC)
    (at 193.5225 135.89 180)
    (descr "Resistor SMD 0603 (1608 Metric), square (rectangular) end terminal, IPC_7351 nominal, (Body size source: http://www.tortai-tech.com/upload/download/2011102023233369053.pdf), generated with kicad-footprint-generator")
    (tags resistor)
    (path /5C3A27A1)
    (attr smd)
    (fp_text reference R4 (at 0 -1.43 180) (layer F.SilkS)
      (effects (font (size 1 1) (thickness 0.15)))
    )
    (fp_text value 47K (at 0 1.43 180) (layer F.Fab)
      (effects (font (size 1 1) (thickness 0.15)))
    )
    (fp_text user %R (at 0 0 180) (layer F.Fab)
      (effects (font (size 0.4 0.4) (thickness 0.06)))
    )
    (fp_line (start 1.48 0.73) (end -1.48 0.73) (layer F.CrtYd) (width 0.05))
    (fp_line (start 1.48 -0.73) (end 1.48 0.73) (layer F.CrtYd) (width 0.05))
    (fp_line (start -1.48 -0.73) (end 1.48 -0.73) (layer F.CrtYd) (width 0.05))
    (fp_line (start -1.48 0.73) (end -1.48 -0.73) (layer F.CrtYd) (width 0.05))
    (fp_line (start -0.162779 0.51) (end 0.162779 0.51) (layer F.SilkS) (width 0.12))
    (fp_line (start -0.162779 -0.51) (end 0.162779 -0.51) (layer F.SilkS) (width 0.12))
    (fp_line (start 0.8 0.4) (end -0.8 0.4) (layer F.Fab) (width 0.1))
    (fp_line (start 0.8 -0.4) (end 0.8 0.4) (layer F.Fab) (width 0.1))
    (fp_line (start -0.8 -0.4) (end 0.8 -0.4) (layer F.Fab) (width 0.1))
    (fp_line (start -0.8 0.4) (end -0.8 -0.4) (layer F.Fab) (width 0.1))
    (pad 2 smd roundrect (at 0.7875 0 180) (size 0.875 0.95) (layers F.Cu F.Paste F.Mask) (roundrect_rratio 0.25)
      (net 13 "Net-(R2-Pad1)"))
    (pad 1 smd roundrect (at -0.7875 0 180) (size 0.875 0.95) (layers F.Cu F.Paste F.Mask) (roundrect_rratio 0.25)
      (net 11 "Net-(C3-Pad1)"))
    (model ${KISYS3DMOD}/Resistor_SMD.3dshapes/R_0603_1608Metric.wrl
      (at (xyz 0 0 0))
      (scale (xyz 1 1 1))
      (rotate (xyz 0 0 0))
    )
  )

  (module Resistor_SMD:R_0603_1608Metric (layer F.Cu) (tedit 5B301BBD) (tstamp 5C52A3FD)
    (at 189.54305 141.020749 90)
    (descr "Resistor SMD 0603 (1608 Metric), square (rectangular) end terminal, IPC_7351 nominal, (Body size source: http://www.tortai-tech.com/upload/download/2011102023233369053.pdf), generated with kicad-footprint-generator")
    (tags resistor)
    (path /5C3A4C3B)
    (attr smd)
    (fp_text reference R5 (at 0 -1.43 90) (layer F.SilkS)
      (effects (font (size 1 1) (thickness 0.15)))
    )
